name id left top right bot centerx centery

ene0
0000 30 16 54 48 12 32
0001 66 16 90 48 12 32
0010 113 5 129 48 8 43
0011 143 11 151 26 4 15

ene1
0100 212 15 228 47 8 32
0101 233 15 249 47 8 32

ene2
0200 341 17 356 49 8 32
0201 366 17 382 49 8 32
0210 416 17 440 49 12 32
0211 447 17 467 49 10 32
0212 479 26 487 29 4 3 

ene3
0300 561 16 585 48 12 32
0301 590 16 514 48 12 32
0302 627 8 643 48 8 40

ene4
0400 35 112 66 126 16 14
0401 76 111 100 126 12 15

ene5
0500 200 99 224 124 12 25
0501 230 99 254 124 12 25
0502 258 95 266 108 4 13
0503 273 101 281 105 4 4 

ene6
0600 354 99 370 115 8 16
0601 381 84 390 109 9 25

ene7
0700 284 153 318 201 17 48
0701 328 147 366 201 19 54
0702 373 173 378 178 3 5

item0
0800 562 125 577 139 8 14
0801 585 126 297 137 6 11

item1
0900 602 124 618 139 8 15
0901 624 123 640 138 8 15

